$ANSIBLE_VAULT;1.1;AES256
61616333323836393834313336616537373432313034366638353836383030666236623432636230
6633646432373866363861373232613038623539316237380a376631653139353231366538646366
31373931383539356235363738623936653237326333343033663435656437386565643439316462
3833353534636662320a373831646466643666333065353331626364663837663634396336343131
35333862333838333936646163366164623364313139353330386633316231316236633334623265
30663236386230636465393832646236376566386638613666326166396333333131396165626238
65376138643764656231376263623366373464376162393930633035643064383333613662353865
34363830643665656337316532616536653039303135333139363130656234633839316563303934
64336230393262663437333738303266373138643438613935376561316361653730303861326361
37303530393861326336663033306132613833376138663066363361623235383433643763393064
62343533316561646333643566633462613064663134646165653464373264343665383031613739
66303439376562363261313565623063376132633564326365623061376131303532383361303264
31646338383064333265306333353033343735346465313932646431393433323038653339396433
30356165383139353265333161393035623339393065373238356463353733336339636166366264
38656532626262323966656438633362326233366637333435613638383836393864656366333232
34613736376232383065363837326334323639356536616133636336333135333066343433333363
33373733666236643264616532343230306438393138633262366466653863613632663162336236
35376531643232346538313938343664373335303032383136303361616433613561656165373537
31636333346439313033643335386535346636323133663766663430643735383761613735333435
38363431663634613961366234663534653532663262326132383534653565343866346630396535
65353738363465366462363233313762316333316262666430396633616262616133303537376433
65383234643734383535626639613034633236666631616235316536303239383738376531383039
38343239663563393266613861363161356363393364653966333735613336336462366563393461
63323661366331346534363739623533623536316339643030313939313664663763326262616136
63373332626637303332316336353335623436313133363934383333383739386165
