$ANSIBLE_VAULT;1.1;AES256
65356332613738383332343039313532386566656165613932383731633539376663636466633362
3661626536653638656137333162643062396333666235370a653461646362343663626432646537
61646532386135323865353362653437333735323130373830303065306166646266366336383864
3433623234653139350a666231616631346239356135643163666265306636323938333364643263
31346231306162306139373432366265373330636665616664313735613464313230343538633862
65303537333161326337373131313431636238393538326236303962646462383137313766613538
33353933383232396162626661343738643131633161373333356161373836303165363537633035
66303838656634396139306566343036306362646331323832653730303630323935353933343336
32613531663334353364666339383836383432646165343438366538623436373235303430316436
65383961376365373236383733373434356335313162353338343134386261393464366663313062
61643039343134303935663836653863616435303237646238626361303932646465326263323236
35323564653661386437623362386132633465636330333633306238373033643633353030636438
39366139323765326137356265666538633037353733613731313265313464656239646338353461
36393630336434316632363361376365323566393361393636396535656539346366656163366535
38613030653835656635623130616364303365326463393264396665633234653236396464333462
32373464303363666338343830383636373562636563343363646332356565343462376336333937
37306434643664373263383132333834653831303036343237643763656561663966363031316130
65616437306265393738363638653236666535353732336331633162373438373731373739386263
36353462353431616134373737346237313636326565393230313563373035636336663830383237
39616366306466396264653630313839383131666637383031626632656262623335383861313165
63653463656139636537326662653037376437653038363864633363303831653166633066363335
34356230326366363366313762393030343065373065373461373766343065656132623639653936
32353433393233633839366232666331613531363233646333333465363763343961346632326231
32633162353463353537303166373064343333393030613064373532356566386139623462313030
63643664346130663162346431366531323263313933383636306630663066306638313233643434
38623866656638613564333061616565643739353836346334303065356265383462623531366463
62386666626536373865396364313066333635336165396132356663346139636438336531303034
63323133386639313537363762363464393731663830313564623234336233383265616131666332
65323566353632633432386363396562316237633563313339653937383832353735623630393533
63323466633033303739643339343564663665643234333630306533636462346431396262383637
31396562356463363865613765653532373963363964336163323937333530643762656335613430
35653033313161353936363939366263333062343365613366623434353335343436346536616533
64326532663039643138663833383335393336353935333737316230386633306539336465376437
6332646162646230666565346435313063323061366636323966
